3 0 3
2.99408 0.188372 3
2.97634 0.376 3
2.94686 0.562144 3
2.90575 0.74607 3
2.85317 0.927051 3
2.78933 1.10437 3
2.71448 1.27734 3
2.62892 1.44526 3
2.53298 1.60748 3
2.42705 1.76336 3
2.31154 1.91227 3
2.18691 2.05364 3
2.05364 2.18691 3
1.91227 2.31154 3
1.76336 2.42705 3
1.60748 2.53298 3
1.44526 2.62892 3
1.27734 2.71448 3
1.10437 2.78933 3
0.927051 2.85317 3
0.74607 2.90575 3
0.562144 2.94686 3
0.376 2.97634 3
0.188372 2.99408 3
1.83697e-16 3 3
-0.188372 2.99408 3
-0.376 2.97634 3
-0.562144 2.94686 3
-0.74607 2.90575 3
-0.927051 2.85317 3
-1.10437 2.78933 3
-1.27734 2.71448 3
-1.44526 2.62892 3
-1.60748 2.53298 3
-1.76336 2.42705 3
-1.91227 2.31154 3
-2.05364 2.18691 3
-2.18691 2.05364 3
-2.31154 1.91227 3
-2.42705 1.76336 3
-2.53298 1.60748 3
-2.62892 1.44526 3
-2.71448 1.27734 3
-2.78933 1.10437 3
-2.85317 0.927051 3
-2.90575 0.74607 3
-2.94686 0.562144 3
-2.97634 0.376 3
-2.99408 0.188372 3
-3 3.67394e-16 3
-2.99408 -0.188372 3
-2.97634 -0.376 3
-2.94686 -0.562144 3
-2.90575 -0.74607 3
-2.85317 -0.927051 3
-2.78933 -1.10437 3
-2.71448 -1.27734 3
-2.62892 -1.44526 3
-2.53298 -1.60748 3
-2.42705 -1.76336 3
-2.31154 -1.91227 3
-2.18691 -2.05364 3
-2.05364 -2.18691 3
-1.91227 -2.31154 3
-1.76336 -2.42705 3
-1.60748 -2.53298 3
-1.44526 -2.62892 3
-1.27734 -2.71448 3
-1.10437 -2.78933 3
-0.927051 -2.85317 3
-0.74607 -2.90575 3
-0.562144 -2.94686 3
-0.376 -2.97634 3
-0.188372 -2.99408 3
-5.51091e-16 -3 3
0.188372 -2.99408 3
0.376 -2.97634 3
0.562144 -2.94686 3
0.74607 -2.90575 3
0.927051 -2.85317 3
1.10437 -2.78933 3
1.27734 -2.71448 3
1.44526 -2.62892 3
1.60748 -2.53298 3
1.76336 -2.42705 3
1.91227 -2.31154 3
2.05364 -2.18691 3
2.18691 -2.05364 3
2.31154 -1.91227 3
2.42705 -1.76336 3
2.53298 -1.60748 3
2.62892 -1.44526 3
2.71448 -1.27734 3
2.78933 -1.10437 3
2.85317 -0.927051 3
2.90575 -0.74607 3
2.94686 -0.562144 3
2.97634 -0.376 3
2.99408 -0.188372 3
