5 2 4 8
4.99211 2.50232 4 8
4.96846 3.00267 4 8
4.92915 3.49905 4 8
4.87433 3.98952 4 8
4.80423 4.47214 4 8
4.71911 4.945 4 8
4.61931 5.40623 4 8
4.50523 5.85403 4 8
4.37731 6.28661 4 8
4.23607 6.70228 4 8
4.08205 7.09939 4 8
3.91587 7.47638 4 8
3.73819 7.83175 4 8
3.5497 8.16411 4 8
3.35114 8.47214 4 8
3.14331 8.75462 4 8
2.92701 9.01045 4 8
2.70312 9.23862 4 8
2.4725 9.43821 4 8
2.23607 9.60845 4 8
1.99476 9.74867 4 8
1.74953 9.8583 4 8
1.50133 9.93692 4 8
1.25116 9.98421 4 8
1 10 4 8
0.748838 9.98421 4 8
0.498667 9.93692 4 8
0.250475 9.8583 4 8
0.00524045 9.74867 4 8
-0.236068 9.60845 4 8
-0.472498 9.43821 4 8
-0.703117 9.23862 4 8
-0.927015 9.01045 4 8
-1.14331 8.75462 4 8
-1.35114 8.47214 4 8
-1.5497 8.16411 4 8
-1.73819 7.83175 4 8
-1.91587 7.47638 4 8
-2.08205 7.09939 4 8
-2.23607 6.70228 4 8
-2.37731 6.28661 4 8
-2.50523 5.85403 4 8
-2.61931 5.40623 4 8
-2.71911 4.945 4 8
-2.80423 4.47214 4 8
-2.87433 3.98952 4 8
-2.92915 3.49905 4 8
-2.96846 3.00267 4 8
-2.99211 2.50232 4 8
-3 2 4 8
-2.99211 1.49768 4 8
-2.96846 0.997334 4 8
-2.92915 0.500949 4 8
-2.87433 0.0104809 4 8
-2.80423 -0.472136 4 8
-2.71911 -0.944996 4 8
-2.61931 -1.40623 4 8
-2.50523 -1.85403 4 8
-2.37731 -2.28661 4 8
-2.23607 -2.70228 4 8
-2.08205 -3.09939 4 8
-1.91587 -3.47638 4 8
-1.73819 -3.83175 4 8
-1.5497 -4.16411 4 8
-1.35114 -4.47214 4 8
-1.14331 -4.75462 4 8
-0.927015 -5.01045 4 8
-0.703117 -5.23862 4 8
-0.472498 -5.43821 4 8
-0.236068 -5.60845 4 8
0.00524045 -5.74867 4 8
0.250475 -5.8583 4 8
0.498667 -5.93692 4 8
0.748838 -5.98421 4 8
1 -6 4 8
1.25116 -5.98421 4 8
1.50133 -5.93692 4 8
1.74953 -5.8583 4 8
1.99476 -5.74867 4 8
2.23607 -5.60845 4 8
2.4725 -5.43821 4 8
2.70312 -5.23862 4 8
2.92701 -5.01045 4 8
3.14331 -4.75462 4 8
3.35114 -4.47214 4 8
3.5497 -4.16411 4 8
3.73819 -3.83175 4 8
3.91587 -3.47638 4 8
4.08205 -3.09939 4 8
4.23607 -2.70228 4 8
4.37731 -2.28661 4 8
4.50523 -1.85403 4 8
4.61931 -1.40623 4 8
4.71911 -0.944996 4 8
4.80423 -0.472136 4 8
4.87433 0.0104809 4 8
4.92915 0.500949 4 8
4.96846 0.997334 4 8
4.99211 1.49768 4 8
