6 1 5
5.99013 1.31395 5
5.96057 1.62667 5
5.91144 1.93691 5
5.84292 2.24345 5
5.75528 2.54508 5
5.64888 2.84062 5
5.52414 3.1289 5
5.38153 3.40877 5
5.22164 3.67913 5
5.04508 3.93893 5
4.85257 4.18712 5
4.64484 4.42274 5
4.42274 4.64484 5
4.18712 4.85257 5
3.93893 5.04508 5
3.67913 5.22164 5
3.40877 5.38153 5
3.1289 5.52414 5
2.84062 5.64888 5
2.54508 5.75528 5
2.24345 5.84292 5
1.93691 5.91144 5
1.62667 5.96057 5
1.31395 5.99013 5
1 6 5
0.686047 5.99013 5
0.373334 5.96057 5
0.0630934 5.91144 5
-0.243449 5.84292 5
-0.545085 5.75528 5
-0.840623 5.64888 5
-1.1289 5.52414 5
-1.40877 5.38153 5
-1.67913 5.22164 5
-1.93893 5.04508 5
-2.18712 4.85257 5
-2.42274 4.64484 5
-2.64484 4.42274 5
-2.85257 4.18712 5
-3.04508 3.93893 5
-3.22164 3.67913 5
-3.38153 3.40877 5
-3.52414 3.1289 5
-3.64888 2.84062 5
-3.75528 2.54508 5
-3.84292 2.24345 5
-3.91144 1.93691 5
-3.96057 1.62667 5
-3.99013 1.31395 5
-4 1 5
-3.99013 0.686047 5
-3.96057 0.373334 5
-3.91144 0.0630934 5
-3.84292 -0.243449 5
-3.75528 -0.545085 5
-3.64888 -0.840623 5
-3.52414 -1.1289 5
-3.38153 -1.40877 5
-3.22164 -1.67913 5
-3.04508 -1.93893 5
-2.85257 -2.18712 5
-2.64484 -2.42274 5
-2.42274 -2.64484 5
-2.18712 -2.85257 5
-1.93893 -3.04508 5
-1.67913 -3.22164 5
-1.40877 -3.38153 5
-1.1289 -3.52414 5
-0.840623 -3.64888 5
-0.545085 -3.75528 5
-0.243449 -3.84292 5
0.0630934 -3.91144 5
0.373334 -3.96057 5
0.686047 -3.99013 5
1 -4 5
1.31395 -3.99013 5
1.62667 -3.96057 5
1.93691 -3.91144 5
2.24345 -3.84292 5
2.54508 -3.75528 5
2.84062 -3.64888 5
3.1289 -3.52414 5
3.40877 -3.38153 5
3.67913 -3.22164 5
3.93893 -3.04508 5
4.18712 -2.85257 5
4.42274 -2.64484 5
4.64484 -2.42274 5
4.85257 -2.18712 5
5.04508 -1.93893 5
5.22164 -1.67913 5
5.38153 -1.40877 5
5.52414 -1.1289 5
5.64888 -0.840623 5
5.75528 -0.545085 5
5.84292 -0.243449 5
5.91144 0.0630934 5
5.96057 0.373334 5
5.99013 0.686047 5
